103772	1	1	1
47690	2	1	2
136198	3	1	3
119464	4	1	4
138726	5	1	5
128774	6	1	6
144534	7	1	7
140148	8	1	8
118796	9	1	9
147432	10	1	10
137142	11	1	11
143848	12	1	12
126068	13	1	13
130930	14	1	14
156674	15	1	15
130432	16	1	16
122578	17	1	17
115214	18	1	18
146346	19	1	19
117832	20	1	20
127776	21	1	21
126858	22	1	22
143116	23	1	23
130842	24	1	24
130362	25	1	25
127126	26	1	26
94714	27	1	27
106566	28	1	28
141658	29	1	29
137614	30	1	30
86788	31	1	31
102350	32	1	32
136488	33	1	33
117176	34	1	34
142428	35	1	35
133084	36	1	36
132440	37	1	37
131592	38	1	38
149514	39	1	39
120038	40	1	40
109368	41	1	41
129328	42	1	42
112266	43	1	43
120160	44	1	44
143564	45	1	45
135480	46	1	46
128996	47	1	47
136002	48	1	48
114036	49	1	49
127262	50	1	50
124476	51	1	51
136840	52	1	52
136468	53	1	53
123004	54	1	54
126176	55	1	55
132144	56	1	56
144796	57	1	57
110188	58	1	58
98444	59	1	59
161732	60	1	60
117836	61	1	61
108730	62	1	62
122596	63	1	63
122388	64	1	64
73288	65	1	65
133132	66	1	66
152386	67	1	67
115758	68	1	68
80020	69	1	69
133116	70	1	70
126802	71	1	71
100940	72	1	72
109882	73	1	73
128200	74	1	74
149248	75	1	75
127150	76	1	76
122898	77	1	77
113374	78	1	78
101324	79	1	79
127330	80	1	80
151466	81	1	81
166676	82	1	82
147686	83	1	83
122960	84	1	84
142584	85	1	85
167498	86	1	86
111306	87	1	87
155450	88	1	88
143492	89	1	89
111840	90	1	90
138316	91	1	91
141046	92	1	92
138608	93	1	93
129512	94	1	94
132564	95	1	95
91834	96	1	96
119306	97	1	97
126532	98	1	98
144924	99	1	99
125164	100	1	100
105134	101	1	101
119452	102	1	102
116778	103	1	103
144056	104	1	104
127912	105	1	105
126350	106	1	106
111794	107	1	107
139390	108	1	108
106602	109	1	109
118158	110	1	110
137914	111	1	111
108474	112	1	112
142276	113	1	113
118210	114	1	114
107320	115	1	115
130884	116	1	116
110726	117	1	117
136272	118	1	118
104344	119	1	119
112840	120	1	120
98094	1	2	121
117204	2	2	122
122742	3	2	123
124364	4	2	124
99164	5	2	125
131790	6	2	126
103310	7	2	127
142952	8	2	128
120512	9	2	129
154958	10	2	130
98824	11	2	131
126406	12	2	132
113204	13	2	133
109622	14	2	134
112084	15	2	135
107086	16	2	136
143268	17	2	137
128332	18	2	138
105284	19	2	139
126992	20	2	140
132886	21	2	141
138606	22	2	142
133406	23	2	143
142126	24	2	144
135004	25	2	145
167082	26	2	146
103582	27	2	147
100950	28	2	148
124352	29	2	149
123232	30	2	150
125840	31	2	151
121526	32	2	152
138600	33	2	153
128750	34	2	154
156256	35	2	155
148056	36	2	156
148110	37	2	157
108674	38	2	158
135382	39	2	159
113108	40	2	160
138552	41	2	161
122792	42	2	162
138142	43	2	163
115868	44	2	164
111742	45	2	165
133762	46	2	166
116440	47	2	167
116214	48	2	168
131660	49	2	169
126826	50	2	170
128052	51	2	171
143540	52	2	172
134748	53	2	173
135922	54	2	174
119960	55	2	175
124342	56	2	176
123958	57	2	177
125860	58	2	178
116860	59	2	179
113964	60	2	180
126252	61	2	181
133380	62	2	182
144960	63	2	183
141796	64	2	184
133156	65	2	185
142356	66	2	186
123672	67	2	187
109724	68	2	188
113204	69	2	189
133318	70	2	190
95316	71	2	191
151524	72	2	192
122648	73	2	193
139364	74	2	194
133106	75	2	195
112486	76	2	196
141528	77	2	197
125646	78	2	198
90926	79	2	199
98364	80	2	200
109000	81	2	201
114636	82	2	202
70902	83	2	203
149638	84	2	204
136214	85	2	205
131044	86	2	206
126030	87	2	207
122434	88	2	208
128796	89	2	209
114688	90	2	210
99124	91	2	211
108148	92	2	212
125448	93	2	213
138888	94	2	214
137348	95	2	215
148672	96	2	216
144826	97	2	217
126988	98	2	218
134360	99	2	219
135480	100	2	220
125666	101	2	221
130286	102	2	222
125150	103	2	223
151816	104	2	224
110860	105	2	225
133098	106	2	226
146906	107	2	227
112692	108	2	228
129592	109	2	229
122266	110	2	230
130590	111	2	231
159966	112	2	232
130636	113	2	233
110954	114	2	234
106960	115	2	235
147536	116	2	236
157698	117	2	237
126210	118	2	238
133208	119	2	239
141060	120	2	240
140382	1	3	241
137650	2	3	242
121864	3	3	243
102952	4	3	244
158834	5	3	245
104774	6	3	246
113298	7	3	247
111142	8	3	248
122794	9	3	249
127042	10	3	250
89092	11	3	251
108844	12	3	252
135050	13	3	253
138438	14	3	254
118462	15	3	255
140230	16	3	256
98424	17	3	257
148446	18	3	258
141352	19	3	259
123394	20	3	260
123414	21	3	261
121412	22	3	262
91618	23	3	263
108280	24	3	264
84178	25	3	265
116200	26	3	266
151114	27	3	267
95748	28	3	268
128522	29	3	269
135494	30	3	270
121956	31	3	271
117326	32	3	272
92668	33	3	273
116538	34	3	274
156190	35	3	275
134562	36	3	276
137980	37	3	277
127926	38	3	278
127254	39	3	279
125384	40	3	280
140018	41	3	281
112198	42	3	282
121540	43	3	283
160624	44	3	284
97666	45	3	285
124060	46	3	286
162196	47	3	287
119686	48	3	288
119226	49	3	289
126268	50	3	290
126048	51	3	291
124164	52	3	292
121628	53	3	293
95954	54	3	294
115624	55	3	295
111756	56	3	296
136114	57	3	297
155998	58	3	298
105448	59	3	299
152858	60	3	300
134130	61	3	301
135496	62	3	302
132796	63	3	303
125598	64	3	304
136486	65	3	305
126702	66	3	306
151280	67	3	307
140850	68	3	308
115334	69	3	309
117368	70	3	310
114464	71	3	311
121984	72	3	312
120430	73	3	313
153506	74	3	314
120488	75	3	315
124162	76	3	316
129202	77	3	317
127528	78	3	318
117846	79	3	319
130050	80	3	320
121836	81	3	321
127868	82	3	322
124742	83	3	323
71514	84	3	324
105002	85	3	325
136578	86	3	326
147292	87	3	327
137760	88	3	328
152162	89	3	329
104962	90	3	330
134054	91	3	331
123794	92	3	332
145610	93	3	333
135334	94	3	334
151760	95	3	335
78208	96	3	336
130836	97	3	337
132798	98	3	338
142448	99	3	339
145040	100	3	340
132458	101	3	341
95306	102	3	342
140448	103	3	343
145646	104	3	344
122352	105	3	345
92880	106	3	346
130362	107	3	347
120950	108	3	348
132960	109	3	349
115316	110	3	350
145266	111	3	351
138166	112	3	352
128934	113	3	353
147188	114	3	354
131772	115	3	355
115090	116	3	356
124010	117	3	357
115742	118	3	358
136454	119	3	359
130856	120	3	360
147140	1	4	361
146178	2	4	362
112910	3	4	363
125836	4	4	364
124064	5	4	365
145664	6	4	366
115556	7	4	367
138124	8	4	368
108406	9	4	369
83806	10	4	370
153180	11	4	371
151656	12	4	372
155160	13	4	373
132918	14	4	374
157222	15	4	375
119060	16	4	376
144718	17	4	377
127034	18	4	378
110988	19	4	379
150280	20	4	380
129628	21	4	381
125682	22	4	382
108694	23	4	383
133856	24	4	384
134088	25	4	385
126428	26	4	386
155378	27	4	387
144918	28	4	388
128520	29	4	389
123166	30	4	390
94068	31	4	391
112946	32	4	392
108828	33	4	393
143214	34	4	394
143432	35	4	395
100444	36	4	396
134446	37	4	397
135864	38	4	398
119822	39	4	399
113464	40	4	400
136916	41	4	401
92712	42	4	402
130142	43	4	403
150928	44	4	404
150428	45	4	405
146512	46	4	406
123532	47	4	407
143584	48	4	408
109770	49	4	409
124622	50	4	410
107616	51	4	411
126302	52	4	412
125926	53	4	413
161328	54	4	414
118322	55	4	415
119372	56	4	416
114592	57	4	417
113060	58	4	418
125544	59	4	419
111402	60	4	420
122038	61	4	421
155142	62	4	422
116910	63	4	423
103310	64	4	424
109938	65	4	425
126970	66	4	426
157870	67	4	427
116424	68	4	428
130664	69	4	429
129340	70	4	430
130788	71	4	431
122722	72	4	432
122120	73	4	433
123782	74	4	434
172826	75	4	435
91606	76	4	436
116528	77	4	437
145072	78	4	438
132026	79	4	439
123820	80	4	440
96266	81	4	441
143074	82	4	442
137556	83	4	443
81808	84	4	444
138090	85	4	445
147222	86	4	446
137142	87	4	447
144966	88	4	448
137072	89	4	449
112848	90	4	450
124972	91	4	451
116356	92	4	452
102870	93	4	453
119488	94	4	454
96744	95	4	455
126208	96	4	456
120854	97	4	457
121574	98	4	458
96650	99	4	459
134434	100	4	460
140820	101	4	461
150506	102	4	462
144260	103	4	463
107786	104	4	464
109070	105	4	465
99794	106	4	466
146836	107	4	467
117620	108	4	468
151510	109	4	469
93320	110	4	470
117178	111	4	471
100180	112	4	472
131954	113	4	473
142496	114	4	474
129654	115	4	475
148716	116	4	476
137276	117	4	477
135208	118	4	478
140790	119	4	479
109488	120	4	480
142044	1	5	481
141476	2	5	482
147134	3	5	483
129904	4	5	484
135628	5	5	485
142780	6	5	486
134026	7	5	487
128466	8	5	488
130826	9	5	489
129652	10	5	490
89928	11	5	491
105250	12	5	492
130360	13	5	493
122440	14	5	494
113700	15	5	495
116844	16	5	496
106920	17	5	497
129986	18	5	498
114048	19	5	499
149224	20	5	500
111742	21	5	501
113038	22	5	502
123298	23	5	503
115404	24	5	504
148954	25	5	505
130460	26	5	506
102272	27	5	507
114224	28	5	508
112120	29	5	509
105348	30	5	510
90944	31	5	511
112122	32	5	512
115514	33	5	513
110104	34	5	514
151814	35	5	515
109594	36	5	516
123796	37	5	517
115540	38	5	518
135008	39	5	519
125442	40	5	520
113918	41	5	521
131626	42	5	522
124172	43	5	523
95710	44	5	524
146138	45	5	525
117186	46	5	526
125258	47	5	527
139662	48	5	528
99658	49	5	529
143310	50	5	530
106752	51	5	531
145210	52	5	532
80494	53	5	533
142600	54	5	534
108750	55	5	535
128782	56	5	536
133026	57	5	537
158638	58	5	538
147862	59	5	539
141970	60	5	540
123410	61	5	541
117632	62	5	542
107676	63	5	543
129698	64	5	544
98776	65	5	545
129332	66	5	546
122188	67	5	547
85274	68	5	548
135182	69	5	549
124250	70	5	550
136928	71	5	551
124424	72	5	552
122604	73	5	553
137590	74	5	554
128728	75	5	555
118814	76	5	556
101092	77	5	557
115154	78	5	558
123312	79	5	559
130010	80	5	560
120248	81	5	561
115776	82	5	562
130744	83	5	563
129852	84	5	564
154982	85	5	565
137700	86	5	566
142672	87	5	567
123290	88	5	568
118382	89	5	569
110254	90	5	570
143784	91	5	571
142324	92	5	572
133088	93	5	573
131246	94	5	574
133634	95	5	575
140216	96	5	576
139498	97	5	577
145674	98	5	578
113094	99	5	579
142740	100	5	580
124996	101	5	581
124034	102	5	582
136182	103	5	583
113658	104	5	584
135976	105	5	585
124924	106	5	586
93514	107	5	587
125742	108	5	588
120512	109	5	589
93522	110	5	590
123120	111	5	591
137998	112	5	592
117708	113	5	593
62850	114	5	594
157616	115	5	595
119750	116	5	596
127338	117	5	597
129542	118	5	598
109222	119	5	599
155524	120	5	600
108736	1	6	601
151744	2	6	602
147742	3	6	603
146082	4	6	604
124446	5	6	605
149114	6	6	606
131352	7	6	607
132340	8	6	608
139220	9	6	609
113220	10	6	610
142008	11	6	611
121882	12	6	612
101114	13	6	613
164968	14	6	614
108014	15	6	615
121404	16	6	616
91728	17	6	617
117472	18	6	618
135502	19	6	619
140122	20	6	620
139992	21	6	621
144156	22	6	622
115140	23	6	623
105596	24	6	624
146594	25	6	625
130988	26	6	626
130342	27	6	627
111572	28	6	628
89266	29	6	629
130232	30	6	630
123030	31	6	631
134658	32	6	632
131588	33	6	633
126910	34	6	634
118482	35	6	635
140924	36	6	636
114632	37	6	637
135918	38	6	638
121676	39	6	639
140912	40	6	640
109482	41	6	641
148208	42	6	642
109282	43	6	643
150164	44	6	644
100064	45	6	645
163100	46	6	646
129522	47	6	647
143010	48	6	648
118408	49	6	649
116412	50	6	650
143794	51	6	651
163162	52	6	652
129282	53	6	653
126944	54	6	654
74964	55	6	655
123314	56	6	656
145872	57	6	657
135166	58	6	658
113140	59	6	659
116950	60	6	660
137310	61	6	661
129072	62	6	662
156002	63	6	663
155382	64	6	664
120396	65	6	665
126686	66	6	666
122196	67	6	667
136898	68	6	668
137332	69	6	669
143542	70	6	670
109780	71	6	671
137042	72	6	672
138228	73	6	673
130262	74	6	674
99072	75	6	675
172658	76	6	676
113344	77	6	677
99024	78	6	678
140380	79	6	679
63390	80	6	680
158056	81	6	681
99060	82	6	682
127986	83	6	683
140698	84	6	684
122014	85	6	685
122948	86	6	686
143846	87	6	687
125948	88	6	688
124696	89	6	689
143140	90	6	690
145484	91	6	691
119112	92	6	692
106140	93	6	693
158462	94	6	694
122034	95	6	695
140422	96	6	696
125930	97	6	697
141400	98	6	698
136654	99	6	699
113472	100	6	700
117626	101	6	701
117458	102	6	702
102618	103	6	703
108554	104	6	704
127632	105	6	705
153932	106	6	706
132874	107	6	707
125170	108	6	708
143858	109	6	709
139814	110	6	710
109772	111	6	711
99632	112	6	712
127642	113	6	713
124292	114	6	714
142060	115	6	715
133608	116	6	716
124438	117	6	717
134102	118	6	718
123954	119	6	719
101522	120	6	720
127658	1	7	721
110068	2	7	722
118526	3	7	723
146396	4	7	724
114134	5	7	725
118630	6	7	726
155562	7	7	727
129594	8	7	728
117870	9	7	729
132202	10	7	730
118930	11	7	731
114120	12	7	732
113432	13	7	733
115756	14	7	734
127014	15	7	735
105704	16	7	736
122506	17	7	737
129380	18	7	738
121896	19	7	739
154820	20	7	740
135948	21	7	741
117130	22	7	742
109894	23	7	743
121458	24	7	744
115234	25	7	745
112166	26	7	746
133836	27	7	747
133228	28	7	748
129230	29	7	749
131130	30	7	750
133844	31	7	751
129236	32	7	752
108884	33	7	753
128134	34	7	754
143318	35	7	755
154222	36	7	756
117646	37	7	757
168542	38	7	758
151082	39	7	759
112034	40	7	760
135802	41	7	761
123742	42	7	762
130056	43	7	763
134456	44	7	764
88002	45	7	765
99354	46	7	766
120142	47	7	767
98136	48	7	768
84950	49	7	769
116372	50	7	770
143366	51	7	771
132754	52	7	772
110600	53	7	773
157130	54	7	774
141924	55	7	775
137890	56	7	776
140156	57	7	777
138574	58	7	778
138658	59	7	779
139054	60	7	780
157314	61	7	781
137486	62	7	782
133396	63	7	783
135424	64	7	784
133432	65	7	785
122974	66	7	786
132446	67	7	787
150002	68	7	788
155436	69	7	789
168776	70	7	790
95460	71	7	791
107324	72	7	792
133242	73	7	793
108326	74	7	794
109368	75	7	795
106194	76	7	796
133712	77	7	797
136614	78	7	798
162228	79	7	799
123782	80	7	800
127454	81	7	801
115588	82	7	802
129432	83	7	803
132662	84	7	804
119538	85	7	805
133598	86	7	806
101878	87	7	807
116112	88	7	808
135132	89	7	809
129840	90	7	810
153330	91	7	811
146110	92	7	812
152998	93	7	813
117370	94	7	814
128070	95	7	815
148846	96	7	816
123064	97	7	817
124454	98	7	818
121748	99	7	819
141104	100	7	820
138966	101	7	821
142358	102	7	822
138082	103	7	823
92290	104	7	824
134372	105	7	825
145936	106	7	826
121130	107	7	827
121988	108	7	828
137756	109	7	829
134616	110	7	830
161456	111	7	831
134422	112	7	832
112984	113	7	833
137200	114	7	834
83266	115	7	835
111276	116	7	836
136942	117	7	837
132266	118	7	838
119748	119	7	839
97224	120	7	840
131138	1	8	841
103812	2	8	842
155988	3	8	843
109208	4	8	844
127652	5	8	845
119972	6	8	846
141914	7	8	847
140706	8	8	848
87526	9	8	849
93708	10	8	850
120076	11	8	851
94906	12	8	852
85354	13	8	853
113470	14	8	854
116012	15	8	855
136406	16	8	856
108416	17	8	857
124950	18	8	858
125440	19	8	859
116544	20	8	860
156056	21	8	861
124530	22	8	862
100422	23	8	863
118822	24	8	864
110504	25	8	865
138632	26	8	866
120734	27	8	867
127972	28	8	868
117624	29	8	869
118248	30	8	870
125938	31	8	871
110402	32	8	872
124436	33	8	873
138764	34	8	874
124200	35	8	875
107664	36	8	876
107500	37	8	877
148642	38	8	878
96120	39	8	879
107816	40	8	880
148928	41	8	881
124406	42	8	882
129278	43	8	883
113906	44	8	884
97232	45	8	885
103892	46	8	886
124558	47	8	887
135030	48	8	888
122364	49	8	889
148342	50	8	890
157496	51	8	891
127260	52	8	892
121594	53	8	893
123156	54	8	894
127224	55	8	895
106446	56	8	896
167598	57	8	897
148250	58	8	898
126130	59	8	899
142478	60	8	900
118288	61	8	901
115852	62	8	902
130078	63	8	903
127090	64	8	904
148204	65	8	905
119194	66	8	906
159446	67	8	907
117794	68	8	908
90938	69	8	909
123228	70	8	910
133688	71	8	911
109124	72	8	912
125966	73	8	913
115650	74	8	914
148554	75	8	915
136392	76	8	916
140744	77	8	917
98774	78	8	918
109068	79	8	919
140412	80	8	920
133450	81	8	921
133084	82	8	922
145480	83	8	923
122376	84	8	924
120464	85	8	925
152286	86	8	926
116344	87	8	927
150058	88	8	928
146458	89	8	929
118252	90	8	930
112692	91	8	931
120456	92	8	932
126736	93	8	933
125746	94	8	934
101056	95	8	935
118940	96	8	936
119966	97	8	937
118010	98	8	938
143066	99	8	939
104998	100	8	940
136504	101	8	941
117380	102	8	942
127712	103	8	943
126284	104	8	944
118224	105	8	945
111220	106	8	946
114746	107	8	947
101348	108	8	948
107338	109	8	949
121312	110	8	950
147458	111	8	951
153704	112	8	952
106350	113	8	953
126942	114	8	954
116120	115	8	955
112656	116	8	956
146076	117	8	957
106310	118	8	958
96642	119	8	959
132268	120	8	960
89792	1	9	961
108354	2	9	962
171470	3	9	963
138132	4	9	964
115964	5	9	965
129266	6	9	966
133968	7	9	967
124712	8	9	968
120874	9	9	969
105476	10	9	970
126590	11	9	971
148092	12	9	972
131756	13	9	973
101066	14	9	974
142874	15	9	975
139342	16	9	976
139066	17	9	977
98426	18	9	978
144708	19	9	979
149356	20	9	980
127968	21	9	981
115830	22	9	982
112076	23	9	983
101792	24	9	984
109230	25	9	985
153738	26	9	986
133580	27	9	987
119896	28	9	988
113838	29	9	989
128576	30	9	990
162968	31	9	991
125728	32	9	992
151960	33	9	993
130226	34	9	994
101716	35	9	995
149760	36	9	996
120042	37	9	997
163958	38	9	998
108686	39	9	999
118742	40	9	1000
110752	41	9	1001
96186	42	9	1002
128396	43	9	1003
134848	44	9	1004
105678	45	9	1005
131790	46	9	1006
137350	47	9	1007
160102	48	9	1008
147478	49	9	1009
129240	50	9	1010
152266	51	9	1011
157856	52	9	1012
156012	53	9	1013
137000	54	9	1014
137322	55	9	1015
121648	56	9	1016
123430	57	9	1017
118302	58	9	1018
122754	59	9	1019
125446	60	9	1020
138854	61	9	1021
97858	62	9	1022
113542	63	9	1023
120314	64	9	1024
117356	65	9	1025
124154	66	9	1026
125810	67	9	1027
114138	68	9	1028
77000	69	9	1029
112216	70	9	1030
111094	71	9	1031
124240	72	9	1032
118936	73	9	1033
104380	74	9	1034
125450	75	9	1035
152958	76	9	1036
147642	77	9	1037
127562	78	9	1038
137776	79	9	1039
125264	80	9	1040
123708	81	9	1041
122632	82	9	1042
155220	83	9	1043
135248	84	9	1044
127626	85	9	1045
148232	86	9	1046
81508	87	9	1047
122202	88	9	1048
121304	89	9	1049
85264	90	9	1050
117832	91	9	1051
122146	92	9	1052
134538	93	9	1053
133392	94	9	1054
150970	95	9	1055
101330	96	9	1056
144166	97	9	1057
138232	98	9	1058
103388	99	9	1059
112866	100	9	1060
119068	101	9	1061
145548	102	9	1062
145102	103	9	1063
135524	104	9	1064
130504	105	9	1065
156710	106	9	1066
121938	107	9	1067
130192	108	9	1068
125216	109	9	1069
146848	110	9	1070
139780	111	9	1071
128220	112	9	1072
112124	113	9	1073
122038	114	9	1074
104712	115	9	1075
131570	116	9	1076
159876	117	9	1077
151348	118	9	1078
124758	119	9	1079
120282	120	9	1080
144360	1	10	1081
105002	2	10	1082
145276	3	10	1083
133234	4	10	1084
131214	5	10	1085
123654	6	10	1086
145514	7	10	1087
130892	8	10	1088
118156	9	10	1089
158800	10	10	1090
119904	11	10	1091
109658	12	10	1092
145624	13	10	1093
118706	14	10	1094
141620	15	10	1095
112020	16	10	1096
120590	17	10	1097
82948	18	10	1098
131732	19	10	1099
129454	20	10	1100
133290	21	10	1101
168070	22	10	1102
109810	23	10	1103
114292	24	10	1104
156050	25	10	1105
146430	26	10	1106
108968	27	10	1107
134152	28	10	1108
86372	29	10	1109
126070	30	10	1110
105450	31	10	1111
103900	32	10	1112
117552	33	10	1113
117116	34	10	1114
133556	35	10	1115
127396	36	10	1116
89392	37	10	1117
140904	38	10	1118
112204	39	10	1119
129910	40	10	1120
120970	41	10	1121
122420	42	10	1122
125768	43	10	1123
90464	44	10	1124
141744	45	10	1125
112182	46	10	1126
129168	47	10	1127
148580	48	10	1128
111640	49	10	1129
126812	50	10	1130
127372	51	10	1131
101854	52	10	1132
112330	53	10	1133
100934	54	10	1134
124744	55	10	1135
151018	56	10	1136
127520	57	10	1137
111764	58	10	1138
156220	59	10	1139
138242	60	10	1140
142576	61	10	1141
151048	62	10	1142
134414	63	10	1143
110824	64	10	1144
157408	65	10	1145
103122	66	10	1146
141514	67	10	1147
151156	68	10	1148
130204	69	10	1149
139394	70	10	1150
108180	71	10	1151
143676	72	10	1152
116726	73	10	1153
144674	74	10	1154
132260	75	10	1155
126140	76	10	1156
137738	77	10	1157
149882	78	10	1158
162350	79	10	1159
128700	80	10	1160
127760	81	10	1161
120198	82	10	1162
119952	83	10	1163
158282	84	10	1164
140320	85	10	1165
138912	86	10	1166
119310	87	10	1167
121288	88	10	1168
137274	89	10	1169
131212	90	10	1170
114706	91	10	1171
136366	92	10	1172
116440	93	10	1173
124188	94	10	1174
126886	95	10	1175
134206	96	10	1176
147526	97	10	1177
108700	98	10	1178
81080	99	10	1179
123184	100	10	1180
136282	101	10	1181
103552	102	10	1182
147668	103	10	1183
133190	104	10	1184
102080	105	10	1185
121704	106	10	1186
133498	107	10	1187
148384	108	10	1188
113064	109	10	1189
130924	110	10	1190
109790	111	10	1191
141910	112	10	1192
101930	113	10	1193
126298	114	10	1194
142354	115	10	1195
93540	116	10	1196
143760	117	10	1197
146808	118	10	1198
121714	119	10	1199
117222	120	10	1200
145162	1	11	1201
128010	2	11	1202
87144	3	11	1203
138092	4	11	1204
103736	5	11	1205
157156	6	11	1206
89768	7	11	1207
107282	8	11	1208
127856	9	11	1209
99456	10	11	1210
126242	11	11	1211
87222	12	11	1212
108936	13	11	1213
143982	14	11	1214
126654	15	11	1215
132838	16	11	1216
153644	17	11	1217
117952	18	11	1218
116048	19	11	1219
116618	20	11	1220
109058	21	11	1221
116300	22	11	1222
95982	23	11	1223
133534	24	11	1224
137574	25	11	1225
125626	26	11	1226
131590	27	11	1227
126774	28	11	1228
117624	29	11	1229
121136	30	11	1230
128920	31	11	1231
116512	32	11	1232
109350	33	11	1233
116504	34	11	1234
123930	35	11	1235
144028	36	11	1236
129674	37	11	1237
112638	38	11	1238
115942	39	11	1239
126880	40	11	1240
126774	41	11	1241
129510	42	11	1242
139396	43	11	1243
122692	44	11	1244
131676	45	11	1245
128720	46	11	1246
138994	47	11	1247
138754	48	11	1248
133550	49	11	1249
125922	50	11	1250
83130	51	11	1251
150310	52	11	1252
118494	53	11	1253
126768	54	11	1254
119102	55	11	1255
145674	56	11	1256
133018	57	11	1257
121036	58	11	1258
160474	59	11	1259
134724	60	11	1260
160338	61	11	1261
131478	62	11	1262
90180	63	11	1263
128546	64	11	1264
120240	65	11	1265
108096	66	11	1266
122034	67	11	1267
121238	68	11	1268
107834	69	11	1269
113226	70	11	1270
100836	71	11	1271
133292	72	11	1272
117194	73	11	1273
117170	74	11	1274
127644	75	11	1275
120794	76	11	1276
136544	77	11	1277
132586	78	11	1278
125090	79	11	1279
136976	80	11	1280
156454	81	11	1281
124120	82	11	1282
140528	83	11	1283
119686	84	11	1284
140292	85	11	1285
134442	86	11	1286
101012	87	11	1287
135196	88	11	1288
115162	89	11	1289
122624	90	11	1290
117772	91	11	1291
123562	92	11	1292
163892	93	11	1293
117838	94	11	1294
138982	95	11	1295
94902	96	11	1296
148766	97	11	1297
153794	98	11	1298
126244	99	11	1299
145670	100	11	1300
114970	101	11	1301
101036	102	11	1302
129132	103	11	1303
143772	104	11	1304
100310	105	11	1305
129022	106	11	1306
112814	107	11	1307
129100	108	11	1308
116220	109	11	1309
87396	110	11	1310
118246	111	11	1311
151716	112	11	1312
138472	113	11	1313
127178	114	11	1314
159594	115	11	1315
97790	116	11	1316
126052	117	11	1317
119170	118	11	1318
127522	119	11	1319
130448	120	11	1320
131362	1	12	1321
126634	2	12	1322
156098	3	12	1323
121920	4	12	1324
145556	5	12	1325
139274	6	12	1326
155974	7	12	1327
107438	8	12	1328
130176	9	12	1329
125836	10	12	1330
133888	11	12	1331
138236	12	12	1332
156854	13	12	1333
124986	14	12	1334
119344	15	12	1335
134920	16	12	1336
124564	17	12	1337
177620	18	12	1338
147392	19	12	1339
158804	20	12	1340
147356	21	12	1341
138402	22	12	1342
136128	23	12	1343
133554	24	12	1344
103708	25	12	1345
85140	26	12	1346
145132	27	12	1347
141006	28	12	1348
129044	29	12	1349
120182	30	12	1350
104918	31	12	1351
136562	32	12	1352
114898	33	12	1353
122304	34	12	1354
153030	35	12	1355
154896	36	12	1356
132484	37	12	1357
114080	38	12	1358
89704	39	12	1359
146746	40	12	1360
167060	41	12	1361
154918	42	12	1362
136128	43	12	1363
105452	44	12	1364
128568	45	12	1365
125330	46	12	1366
119396	47	12	1367
115148	48	12	1368
113406	49	12	1369
144730	50	12	1370
129390	51	12	1371
139684	52	12	1372
144390	53	12	1373
134396	54	12	1374
114646	55	12	1375
144028	56	12	1376
100848	57	12	1377
79866	58	12	1378
136738	59	12	1379
95174	60	12	1380
148206	61	12	1381
153316	62	12	1382
121654	63	12	1383
127988	64	12	1384
117318	65	12	1385
121694	66	12	1386
98394	67	12	1387
139124	68	12	1388
123658	69	12	1389
120844	70	12	1390
128176	71	12	1391
126442	72	12	1392
141884	73	12	1393
112214	74	12	1394
121488	75	12	1395
118256	76	12	1396
129884	77	12	1397
116016	78	12	1398
109912	79	12	1399
129752	80	12	1400
151126	81	12	1401
137188	82	12	1402
134604	83	12	1403
130234	84	12	1404
99432	85	12	1405
137506	86	12	1406
141134	87	12	1407
119734	88	12	1408
129910	89	12	1409
149878	90	12	1410
119952	91	12	1411
148084	92	12	1412
121384	93	12	1413
135344	94	12	1414
108858	95	12	1415
120434	96	12	1416
132388	97	12	1417
104096	98	12	1418
107982	99	12	1419
154620	100	12	1420
91450	101	12	1421
148066	102	12	1422
135076	103	12	1423
94122	104	12	1424
159438	105	12	1425
139552	106	12	1426
96016	107	12	1427
133496	108	12	1428
152572	109	12	1429
108746	110	12	1430
113734	111	12	1431
136068	112	12	1432
140732	113	12	1433
142038	114	12	1434
150684	115	12	1435
134770	116	12	1436
116398	117	12	1437
131368	118	12	1438
135114	119	12	1439
114574	120	12	1440
129810	1	13	1441
82842	2	13	1442
146540	3	13	1443
114572	4	13	1444
114642	5	13	1445
99554	6	13	1446
156926	7	13	1447
126352	8	13	1448
114698	9	13	1449
114232	10	13	1450
167674	11	13	1451
127332	12	13	1452
126060	13	13	1453
135562	14	13	1454
131156	15	13	1455
122336	16	13	1456
103294	17	13	1457
125992	18	13	1458
112792	19	13	1459
127778	20	13	1460
126452	21	13	1461
114222	22	13	1462
153752	23	13	1463
136892	24	13	1464
100906	25	13	1465
135440	26	13	1466
120358	27	13	1467
149918	28	13	1468
93898	29	13	1469
112498	30	13	1470
150836	31	13	1471
117568	32	13	1472
146274	33	13	1473
115752	34	13	1474
125698	35	13	1475
130826	36	13	1476
146992	37	13	1477
133728	38	13	1478
121700	39	13	1479
140088	40	13	1480
153640	41	13	1481
132218	42	13	1482
120924	43	13	1483
141646	44	13	1484
132070	45	13	1485
136656	46	13	1486
158906	47	13	1487
155222	48	13	1488
118562	49	13	1489
126614	50	13	1490
137102	51	13	1491
139242	52	13	1492
59296	53	13	1493
127796	54	13	1494
157264	55	13	1495
128842	56	13	1496
93604	57	13	1497
104374	58	13	1498
138994	59	13	1499
93372	60	13	1500
108148	61	13	1501
147178	62	13	1502
107896	63	13	1503
91400	64	13	1504
83004	65	13	1505
132782	66	13	1506
115626	67	13	1507
144070	68	13	1508
91322	69	13	1509
113496	70	13	1510
123350	71	13	1511
150834	72	13	1512
134318	73	13	1513
132516	74	13	1514
118726	75	13	1515
100260	76	13	1516
161486	77	13	1517
154654	78	13	1518
109630	79	13	1519
132160	80	13	1520
107552	81	13	1521
125648	82	13	1522
144456	83	13	1523
107318	84	13	1524
101268	85	13	1525
124756	86	13	1526
141422	87	13	1527
122684	88	13	1528
127182	89	13	1529
131196	90	13	1530
129330	91	13	1531
151550	92	13	1532
103728	93	13	1533
139606	94	13	1534
156468	95	13	1535
102372	96	13	1536
70992	97	13	1537
137294	98	13	1538
124210	99	13	1539
112252	100	13	1540
120272	101	13	1541
103588	102	13	1542
130644	103	13	1543
122864	104	13	1544
123232	105	13	1545
118046	106	13	1546
133592	107	13	1547
104432	108	13	1548
108996	109	13	1549
149754	110	13	1550
150300	111	13	1551
156614	112	13	1552
134750	113	13	1553
141150	114	13	1554
110100	115	13	1555
132890	116	13	1556
117728	117	13	1557
152608	118	13	1558
125154	119	13	1559
93268	120	13	1560
134742	1	14	1561
139484	2	14	1562
54102	3	14	1563
166132	4	14	1564
136976	5	14	1565
129522	6	14	1566
140660	7	14	1567
104408	8	14	1568
125120	9	14	1569
151694	10	14	1570
104278	11	14	1571
111714	12	14	1572
138808	13	14	1573
120602	14	14	1574
146206	15	14	1575
106810	16	14	1576
129018	17	14	1577
122232	18	14	1578
141950	19	14	1579
155780	20	14	1580
129024	21	14	1581
108584	22	14	1582
137104	23	14	1583
126112	24	14	1584
123556	25	14	1585
148674	26	14	1586
151418	27	14	1587
94194	28	14	1588
141736	29	14	1589
143742	30	14	1590
100418	31	14	1591
125994	32	14	1592
152668	33	14	1593
118764	34	14	1594
116710	35	14	1595
132434	36	14	1596
124180	37	14	1597
115248	38	14	1598
119812	39	14	1599
125642	40	14	1600
132922	41	14	1601
119538	42	14	1602
145494	43	14	1603
155218	44	14	1604
147574	45	14	1605
138464	46	14	1606
122752	47	14	1607
104638	48	14	1608
116074	49	14	1609
109160	50	14	1610
142762	51	14	1611
131378	52	14	1612
137042	53	14	1613
115332	54	14	1614
127602	55	14	1615
125716	56	14	1616
120122	57	14	1617
130068	58	14	1618
89040	59	14	1619
146258	60	14	1620
115306	61	14	1621
136850	62	14	1622
128198	63	14	1623
125604	64	14	1624
158812	65	14	1625
132404	66	14	1626
99648	67	14	1627
151426	68	14	1628
93010	69	14	1629
137052	70	14	1630
123012	71	14	1631
124184	72	14	1632
171952	73	14	1633
124652	74	14	1634
163696	75	14	1635
108198	76	14	1636
109024	77	14	1637
136042	78	14	1638
146296	79	14	1639
148392	80	14	1640
128702	81	14	1641
147518	82	14	1642
124880	83	14	1643
128550	84	14	1644
125228	85	14	1645
121106	86	14	1646
114870	87	14	1647
130978	88	14	1648
152596	89	14	1649
142836	90	14	1650
146694	91	14	1651
127940	92	14	1652
107124	93	14	1653
109650	94	14	1654
126926	95	14	1655
136742	96	14	1656
133908	97	14	1657
127688	98	14	1658
119468	99	14	1659
123904	100	14	1660
98552	101	14	1661
140228	102	14	1662
98868	103	14	1663
129166	104	14	1664
80224	105	14	1665
135134	106	14	1666
107648	107	14	1667
123270	108	14	1668
105638	109	14	1669
129574	110	14	1670
130846	111	14	1671
147654	112	14	1672
123998	113	14	1673
140274	114	14	1674
123954	115	14	1675
134368	116	14	1676
132252	117	14	1677
128660	118	14	1678
165200	119	14	1679
132774	120	14	1680
126096	1	15	1681
123460	2	15	1682
113192	3	15	1683
114778	4	15	1684
119706	5	15	1685
127544	6	15	1686
116262	7	15	1687
119250	8	15	1688
102332	9	15	1689
111126	10	15	1690
96012	11	15	1691
167268	12	15	1692
135074	13	15	1693
130960	14	15	1694
124692	15	15	1695
129396	16	15	1696
133594	17	15	1697
118216	18	15	1698
125400	19	15	1699
125894	20	15	1700
124776	21	15	1701
126758	22	15	1702
133392	23	15	1703
115882	24	15	1704
108470	25	15	1705
142728	26	15	1706
156272	27	15	1707
130620	28	15	1708
144258	29	15	1709
148656	30	15	1710
91140	31	15	1711
158446	32	15	1712
127916	33	15	1713
151348	34	15	1714
131370	35	15	1715
152274	36	15	1716
118222	37	15	1717
107806	38	15	1718
127064	39	15	1719
140488	40	15	1720
132630	41	15	1721
114638	42	15	1722
115054	43	15	1723
100898	44	15	1724
144370	45	15	1725
139800	46	15	1726
144552	47	15	1727
113198	48	15	1728
131318	49	15	1729
82808	50	15	1730
157126	51	15	1731
138434	52	15	1732
105480	53	15	1733
144262	54	15	1734
135988	55	15	1735
125252	56	15	1736
134478	57	15	1737
122674	58	15	1738
141560	59	15	1739
119760	60	15	1740
114132	61	15	1741
111832	62	15	1742
137568	63	15	1743
130428	64	15	1744
121202	65	15	1745
108810	66	15	1746
138664	67	15	1747
112222	68	15	1748
125334	69	15	1749
115326	70	15	1750
